34
131 194
27753 93908 12999 65599 39123 41945 5177 43225 40991 23171 17524 48396 7875 87860 10793 36170 21659 10715 92781 58707 98519 35126 47540 10063 2714 92449 87738 81702 30227 74486 64710 28216 21200 82999 25939 69396 60111 56991 68343 85755 17819 85875 17269 84434 90059 42016 84775 18402 19035 75247 65592 44131 13138 8784 97132 98347 34051 54393 99422 57616 21420 67292 24971 53597 87769 83754 42844 8990 82683 37031 42589 40236 10914 2257 61128 58727 58748 89808 14636 55712 55794 51387 90552 6341 64423 48366 28041 29089 34416 3040 11673 69140 10225 30322 61200 19447 29307 53399 44608 94040 1282 74717 98923 70294 12044 40585 16222 88218 61069 82440 80352 59282 45261 29304 41480 30036 2405 2549 74436 90964 11069 98246 23828 74752 30495 84181 5067 92423 97038 76082 32789 11800 25006 59214 5888 92625 80839 59689 73773 82887 83 19121 491 15794 77399 19177 32717 36702 56782 88753 5468 17199 88955 28653 53227 13788 70002 85287 76206 63753 55521 45806 68811 48548 92923 51762 68743 33030 7744 38442 18093 87084 36135 47423 70694 32274 45565 70527 1144 10410 9260 56680 37833 16290 73728 35333 2159 4773 64602 74372 27074 99013 23769 34644 
8 186
8910 81498 83340 80723 98639 36263 27148 54977 95679 68750 95311 1787 32146 94549 26499 84529 19465 29457 82842 9157 49133 63072 15766 71153 78220 41030 42769 59433 68293 80118 45945 37171 79418 52227 76554 7774 64473 19651 73556 9358 3693 86758 10745 65890 39985 79125 62365 73624 49127 3046 17757 62671 62813 94495 55297 54447 31115 10885 86507 16081 24654 80408 82835 14503 60885 21782 24328 98198 59667 26497 70032 46785 49622 72437 23957 40713 28406 78801 44877 97756 71694 39637 91434 96462 12540 55920 60041 51206 79998 89828 76938 9192 53897 7121 27513 31970 34812 47436 10632 80252 39495 687 67581 11034 53001 46605 81013 94807 20778 76266 40848 10019 75049 51380 66380 48529 67853 21350 62654 67394 61053 66863 16805 25518 43883 65109 2742 37185 3894 56358 2026 15956 69799 91531 5972 44366 71454 35713 49375 77929 11084 90853 82245 62861 80011 54548 70189 69739 95522 81099 36488 94025 53275 18985 62373 56408 91517 15573 74177 93859 10279 38785 91696 40651 27309 73619 33618 59390 59062 50464 7919 49387 46463 40123 26109 71350 73348 65763 7413 60142 49088 6795 64545 59659 59961 30093 
953 176
23556 55487 33393 18302 32316 2295 63103 66755 67832 50507 32206 47996 25435 88554 64010 59445 31786 94979 69271 73962 99485 6391 88708 19822 21445 2984 55601 46865 38132 66247 19783 30327 43896 74716 47330 70272 45774 60267 47408 13634 63293 55977 62298 78158 70529 42198 10207 27913 55789 3456 98126 24500 20394 93990 73458 66916 65213 76576 50895 51818 67713 39262 68494 4147 76296 15714 57355 76374 83780 32539 83137 3939 17159 13459 38151 2036 17045 39962 24072 70758 26736 70486 21735 82581 74231 64468 73288 53644 18103 75881 87950 64885 38839 88198 82146 84438 94227 88761 2513 44348 36627 8634 9137 55507 39748 85242 41533 19798 54829 12507 27523 37647 26756 47822 93795 9174 42872 92569 74371 28910 97806 8016 96114 90924 98933 87078 60887 89077 22417 23102 66694 20172 42078 16386 16875 81608 52672 5062 51972 11370 79546 97036 87899 21409 61767 83871 18549 24597 33325 52783 97253 5579 22368 23114 10609 20969 83975 35682 63762 94356 78340 97863 19888 18487 67907 42369 57927 2441 14621 71446 14529 4414 68927 36725 94514 53551 
205 173
50583 27332 90949 75062 50311 23999 99207 27717 27680 39629 82273 11199 26432 37665 30000 65972 87038 25881 49689 57593 16635 37244 81020 57024 89312 10086 59299 92844 3283 683 1922 47294 85204 80560 96374 2222 65853 78965 87257 44839 37018 31696 89563 64752 76356 98824 9143 84373 91117 22592 88415 73562 38102 6832 3019 5152 71762 39535 79605 19530 18040 10888 25994 97713 16027 45068 29525 98772 5858 32443 66135 13741 25603 88811 42970 25230 17244 18758 41019 76748 30235 77816 37324 55747 25980 3137 32870 26040 4922 96822 49397 35137 60526 44202 68669 27336 89449 67934 79944 90470 55773 6727 58238 27150 30867 98628 96846 96566 37366 29555 12323 56299 16310 80234 90527 46925 66432 51052 44999 91618 69748 92061 81526 80750 71868 6807 54531 78478 53377 24416 87092 12171 18240 50170 72166 48454 62656 66313 14136 43567 70349 88279 71328 25155 44446 80684 69188 84539 72299 57679 15450 37392 48476 69367 50834 29084 40477 41444 70747 67910 96429 60967 36381 61452 68823 34551 41037 26545 47578 19176 97303 36169 84108 
555 171
27073 28567 49808 13786 292 45506 1395 62157 48567 32338 42480 1859 6316 8937 81449 55925 8272 10948 75284 40648 1603 17670 52563 2425 88143 29647 87305 19132 98943 58547 21369 70499 11675 80533 71394 80751 42802 29698 25336 18400 30491 96721 83039 80737 54106 56714 50208 20104 31114 62932 85706 19343 38506 79890 24905 93620 69374 29984 13967 89144 68180 94750 75887 79610 92999 81441 78697 43458 48713 12950 62239 71654 23796 1774 94347 48895 38487 61212 71552 99038 78855 11952 11687 65101 41329 5561 51281 12734 75792 53370 77010 44317 27872 97951 19899 66050 42857 65310 18650 85953 21127 3182 39669 10302 6149 60830 8899 22406 81036 73164 92161 35176 70480 28684 58267 15202 95086 18595 93153 22010 96085 25319 35065 92137 1424 42305 44065 5108 59904 5585 19727 85662 38541 72605 84657 41555 89247 91229 87741 47441 80930 42819 16480 10431 85943 21098 69079 18725 69211 71208 56952 82529 7845 25987 96552 18432 94712 74683 23677 56428 18768 68900 7229 94180 40037 79701 33285 25555 11723 54192 89539 
209 170
74594 56274 29464 39957 23766 34146 77998 55663 92751 86616 2422 75322 15873 31727 88808 8248 99004 40398 4391 45077 50963 69999 88360 95405 92953 88852 53786 5223 63183 67641 39268 72777 75323 1982 16582 6493 60805 43021 95909 60765 19917 13168 52507 36925 63515 84594 34567 36162 70228 88442 94339 79487 57945 45216 18949 76856 45370 51869 18579 7917 28228 45721 42730 69464 73055 40571 37070 70275 93733 97234 99961 15403 56664 82748 27975 71473 6180 76048 2033 9384 79580 85343 37080 90316 65089 19074 35017 59000 76136 15417 74921 78706 86039 73124 85490 23520 21996 5394 87093 47507 41509 6062 81771 65391 47771 53486 89660 54204 4382 98694 7391 50057 75684 796 97851 60691 60091 21863 28072 10876 90060 92846 11360 17464 69440 53865 89525 35826 46219 79988 3731 50499 75245 55803 47576 65694 61972 30290 56456 31985 11000 55495 9635 1202 74746 14301 25061 69736 3535 93996 36496 37415 25793 84574 87170 45381 67751 46233 44928 91676 46275 43434 48155 58537 95574 6919 79225 84348 3109 48328 
373 167
99636 9005 6887 26054 63529 85504 39164 81102 58891 14945 95528 63509 72914 48238 91631 12177 48860 25789 32368 29000 69355 77170 63613 43192 75833 65371 48348 42793 36955 33190 51705 66065 94661 81023 92757 74329 48660 18956 30502 33317 53893 2977 78388 29016 45273 68551 83257 59907 29484 26954 83605 65396 3704 73714 90572 49167 34185 33130 54844 66995 99187 60353 75655 81039 6553 87534 10853 65172 39013 79203 64588 47222 72052 14578 88997 63526 75723 34565 39121 55678 31852 34912 70205 23836 76290 56295 69920 36218 25845 78771 82247 98034 96136 64102 44134 14317 99963 51330 48377 27928 37024 85101 54949 38775 88962 58066 8471 80668 15759 17505 70518 70014 63573 28768 52732 74040 52268 38457 17325 25938 59817 53060 44553 12267 96151 22092 32272 78493 92819 79960 96815 76735 95576 85523 95297 93177 31155 61948 70211 40271 93426 9262 99235 29015 71176 69747 79873 54281 91760 79330 78137 17701 7098 81120 51790 92568 80961 50877 93046 28230 70789 95506 82445 24759 6285 13535 64047 
264 161
86761 45546 576 82009 8296 69257 24606 92830 74704 24518 14304 76994 80708 68410 63457 34708 36164 2400 38550 49080 3400 74610 64935 46139 52338 35844 37857 53518 76954 15802 46511 25422 10289 15163 33886 92888 5549 5906 96414 49272 74143 54353 74083 63754 45802 88017 35444 57856 56550 39321 366 52664 24076 31139 44384 58743 57054 75515 36923 44053 37943 13745 80402 85610 66619 12312 27713 32956 60146 68238 83897 30249 85302 90143 57972 36330 91735 46546 58526 33543 55819 85812 2236 43639 27023 31482 52149 65574 59623 46999 1622 43008 46314 91833 32498 78206 31465 41643 59834 19851 54898 60957 73915 81286 88608 73145 48393 59454 17927 73026 84637 37429 73480 76560 87062 87673 70949 74305 93964 4713 61418 5215 57810 49258 74670 25645 80153 60331 45237 50699 94621 1007 81318 47841 66952 11611 55337 85647 33426 96331 20524 60451 50429 32438 91231 46099 70506 77365 93173 24576 21546 5526 80131 20551 96840 30200 10214 24246 50280 61149 15520 
253 152
30252 99359 1720 59137 1134 70278 92211 43465 65226 77047 94755 48292 57962 36811 62578 38432 56212 45277 59217 74656 67649 74365 13179 14689 20704 33480 76259 91042 8548 51001 74252 27475 8081 69828 62927 44903 71393 24364 62342 8629 3581 69856 14986 34580 78393 97254 71836 37398 42987 15372 18643 72142 57421 38361 59812 84778 30952 88662 61374 14199 46379 76545 39141 18631 67515 34568 45939 27072 92814 71273 66818 28378 4595 25779 73384 22901 18246 15383 92931 64389 20449 82538 44641 46856 91447 92514 39767 50961 88140 48329 48102 33927 27376 49362 88177 2168 22259 78070 18975 84172 7096 66374 4568 97733 93698 40352 41148 3258 38075 9627 24783 25334 76275 99423 60486 2837 58626 90603 9774 29995 11667 75193 2747 62981 62174 81257 34443 77992 24583 3110 48809 32307 79880 55437 70557 19898 83463 27270 12694 52312 77593 82560 59033 24129 28513 63343 65029 7198 25911 71035 83909 10405 
583 149
23101 68692 31618 75160 3157 31291 11678 17709 90929 95436 81869 75939 30264 16760 56478 72829 7937 60602 97675 23574 80494 87306 3791 36400 31577 66802 98899 62125 2177 21461 53170 17221 55334 78721 66512 59888 99468 5145 38236 80062 8845 65062 68896 77797 3799 31789 21721 3379 93116 92527 96752 77704 76743 23548 34562 54590 1069 90834 37909 66295 13066 18562 17420 44817 9112 57635 43177 48140 93651 5942 65985 42282 79178 2388 11911 48316 64601 56017 86995 75956 39794 50930 65117 87451 63935 79258 77465 89402 30051 77979 26529 95128 74747 94214 9966 11219 71519 16212 78238 38927 5037 31712 92015 6567 5041 81155 39826 10262 98934 34000 9169 26049 68817 89610 16537 81216 79874 70146 91038 80769 31107 91936 77602 86824 96179 36525 26624 44954 95841 41665 50467 76388 17447 8847 31987 1807 45769 20028 58296 73367 92628 17331 74548 67177 12163 19229 28844 4453 20817 
594 148
77811 24856 95675 1968 13423 94120 99743 52301 1667 25255 54035 18435 68634 94007 21682 94633 17932 6181 58851 18504 11379 61321 86360 63867 60881 47755 65898 82351 84312 67930 92275 28198 29339 96113 90023 50310 1116 35999 20268 23797 21533 20404 45335 33848 59042 81581 12199 97000 1932 66330 59966 37433 61977 90045 61469 95792 14783 3123 13144 37303 97028 56314 32342 99738 30108 12923 29197 30973 42607 45910 82212 92244 8702 47132 12326 5887 72382 99093 25427 77113 34525 99765 93098 97668 22546 24110 60819 30370 17564 20269 77762 87421 92386 24457 86513 72893 52188 79587 22653 94022 23921 33437 69038 59595 22294 2793 67752 98941 80022 19944 9032 16578 11482 61864 38400 25491 5438 81293 40558 96855 67346 24262 80476 76102 9011 35158 57863 34439 36465 16882 94069 76390 19119 99914 23560 65179 43114 82340 28204 82490 21981 1475 717 19848 96655 26764 63283 78925 
467 142
73120 71462 61013 24983 19924 61995 15611 2310 48977 13601 80016 12840 74506 7879 38144 59957 36278 39007 49319 37544 80393 7210 50268 87523 35136 86623 52361 7491 54197 62457 25772 25034 11108 88170 77125 564 76598 64449 50500 80932 3032 98147 79280 30225 44684 40671 20494 13888 23457 35886 89061 33652 42114 24676 58661 93825 97331 29578 32669 27887 10809 6846 76749 50730 31047 93110 7191 70726 87251 43493 29638 57570 70751 44321 77783 68706 64427 47067 51788 48792 93741 21148 74673 64572 59714 84792 57177 80424 46400 6072 4325 50043 40513 83957 76355 47293 78514 63102 68523 52510 7571 51520 95183 24940 24782 33891 95717 73558 70680 10848 95830 46482 40604 94932 57462 3313 49601 32434 26404 72571 22254 95910 69763 47182 48850 543 65465 6173 78540 55670 76113 76551 57566 94028 44268 11082 81391 67799 58382 85288 32162 49617 
955 136
26101 50808 79903 53080 99878 67080 68039 87691 65989 16770 8427 86350 76912 36696 96373 37492 96197 83558 6145 34933 17136 36675 47628 7498 31066 25844 98366 16737 62088 29788 56514 13307 82319 49561 77893 43075 40134 17154 92141 34941 61872 64084 23815 25329 19801 19401 49418 73456 17290 29534 22464 43733 13753 72298 9407 6931 29799 37023 74541 58850 15115 24655 66533 29866 43746 37701 8710 14309 40798 51582 74194 84261 34831 60628 920 85260 62868 7997 58254 62213 43410 93070 81127 74251 65724 70214 91992 68535 94889 40121 12932 78071 87822 33338 86668 41176 19650 84496 45876 56016 42913 74244 86386 22605 47427 57681 6326 16957 1927 3867 33549 26757 60800 7404 45343 10968 93819 81208 53622 48036 97325 45236 99206 33805 68921 16495 80795 50266 94665 11319 17865 18528 56058 65199 64589 87390 
3 130
95207 42871 97814 54174 16003 75469 58029 83803 21553 3441 14297 58353 57108 10918 93333 57479 83466 66113 68437 54841 70555 48486 42128 36759 67278 27695 59104 18151 84615 44377 82935 65786 52580 99447 64947 80309 50847 89308 63000 56357 59357 11266 37342 89820 39257 29482 99106 71812 91331 81346 46044 30058 39828 58013 40669 49288 31286 52245 47794 3433 16930 57446 31385 23645 62652 53009 99576 58135 58996 2672 8942 96556 61546 62252 82055 34005 94767 36317 35404 96173 33433 82950 67101 72141 46892 49109 87863 77965 16606 39783 32724 81436 90944 53807 15600 53186 89708 99439 91140 60005 40647 39813 58824 46022 12313 15783 14165 58173 33851 90174 8265 18150 26969 67221 46298 2044 53018 10564 37300 4680 44217 72235 44756 86548 92469 52652 39655 12927 54311 10713 
210 127
44394 41228 80799 59762 98700 28809 14593 90206 67 72891 75429 96573 85632 40628 27024 60019 33164 54666 11441 61488 76892 88894 92334 94308 7589 28256 23297 14166 47824 45043 52810 33126 3982 85931 18254 63945 87807 23612 93542 63511 42754 338 8458 55341 48880 47984 23735 38825 2685 57020 81610 32170 8063 44707 4212 24643 65955 19910 6790 31177 53962 44486 36917 53825 54036 79111 88348 74882 42836 37866 35452 80285 48634 75088 46674 24585 99831 11909 90619 64194 22713 33251 46778 86590 36605 68154 65300 58788 24189 25973 71381 44759 52806 67884 7995 26818 94410 2725 48818 49143 13289 2188 85606 91859 9646 72506 28488 31313 46823 29595 29088 47351 49860 96315 41408 92406 56824 29311 20182 453 51765 38729 10976 46391 50560 22637 52037 
888 121
6670 26227 2198 27888 63550 59830 85615 87404 37992 73554 66469 47627 63606 56446 35334 43172 50867 3294 60544 66431 77505 74820 23907 42993 95417 61405 46060 6092 64057 12212 96263 45298 9530 52713 56821 69502 16256 93671 11181 49379 30750 11384 29042 58517 70896 50003 82447 84216 94785 10163 1741 71335 44895 78612 22111 31643 88739 2301 9402 9685 99596 59259 28391 69746 21132 99663 56394 25186 30679 87970 96193 75300 34801 71172 88421 49135 66782 41057 49165 73309 36505 41895 70746 27140 62991 12555 94181 95470 29513 49196 88028 43903 88512 4792 65766 78759 93525 40721 48909 13667 9860 36934 95672 24636 18448 38429 79415 28024 71853 42815 24533 63007 62352 42531 85113 71728 48037 49349 77145 2796 40660 
277 111
92981 99787 95150 95753 58155 12382 42345 97701 57082 51049 58755 26668 22947 98212 21129 23843 20565 80219 9305 72959 30135 85770 82521 49576 41440 18028 77367 92338 67923 34459 95140 19100 91453 80762 49626 27234 26242 9513 10357 71323 45942 8655 91163 532 31404 85411 58290 60922 36807 81570 97311 57079 70907 68961 80014 89860 4916 48789 71376 51138 51766 27026 47339 6074 15093 6590 42794 87584 60283 97429 20720 24020 82593 68928 87007 84588 14158 69116 57902 12829 78668 26708 47910 45603 62333 87244 53803 78723 74144 73182 9006 60263 15664 84522 33839 23005 83026 9052 49708 71147 75372 59565 8840 45866 43365 12128 87652 30386 11917 94999 21871 
938 105
45622 78384 35364 98363 42645 23309 14383 77309 89995 6197 69300 48271 93697 99874 68996 77830 4891 73405 33819 99535 43875 413 70603 27515 48201 72650 46922 53401 30934 39839 38562 21631 35996 38156 44031 41067 5913 78687 41857 73642 44808 37599 4469 91601 4749 74249 13300 86552 48527 46464 9575 23253 82195 55726 87443 35867 43781 92307 17521 68383 67255 66348 77056 9369 11161 95051 31012 25997 10817 89648 62926 8594 73042 97118 48159 24592 74850 76783 11234 42582 43541 81991 17529 99091 81698 2334 42571 34354 49513 60818 63139 46671 49313 75834 20248 5840 31136 56421 6456 77257 99797 10736 84662 3819 79248 
499 99
42834 15780 26683 28452 64635 69420 75251 61213 95273 46446 81419 90681 37294 67427 23063 49317 51079 77474 23387 96893 53033 26657 69971 96796 68959 16891 62943 85420 88225 6279 90907 47004 83472 96503 42703 19937 2462 25170 79494 51098 66102 7337 10026 44006 60821 60282 16584 24863 17175 63774 50333 55356 20736 42929 28811 7764 54757 43873 25787 12115 79709 87174 588 36025 93315 26086 59653 92962 15952 2369 45797 33691 97298 73278 42229 57499 56237 57278 75472 75024 36133 7493 48389 26258 29591 12896 81841 49423 56666 26728 81241 89017 91831 64140 65473 32173 34793 24495 10718 
73 91
29330 59150 9292 79703 35488 24374 1661 89538 37469 32407 27481 32802 54707 27488 69096 59793 68288 14512 50676 62184 79350 82151 99112 90380 38272 90624 40419 91793 76295 19449 3706 6902 13925 85023 27369 99896 20288 54413 71127 70656 8304 57805 84197 76530 31390 85723 41837 17134 16186 37616 54334 21910 5155 35493 68736 56020 90764 85745 6449 43136 53686 83399 88328 24045 95043 41131 30714 40773 68452 45174 1545 81569 14053 82586 17607 26417 17618 96632 52994 54010 98014 19138 7111 25894 7258 31700 75623 98035 94895 77311 92425 
449 83
42353 35187 73388 74715 17765 14221 62859 82534 65440 55538 61280 36532 96654 8738 70792 56577 45117 40986 45587 14146 33363 25981 87529 50418 5506 37103 2750 47506 66779 61376 27465 73698 73227 36822 78032 70843 65211 2809 87934 64530 50228 78148 10114 55492 63463 59983 92099 9404 60562 17073 96188 93618 36331 17494 71818 47415 64677 46802 6555 37229 10023 70580 67839 39400 62520 39668 76997 61645 8277 51995 25846 6829 78085 3698 47757 47444 28654 88085 84322 62223 71940 84501 12700 
314 80
28539 47585 73729 90915 57301 14226 54265 60487 4739 97805 61912 11901 63062 28373 80667 83159 31144 33970 63827 19775 89945 78267 71449 18143 88201 75533 73483 22448 54439 15812 46222 82182 2855 28557 8308 88176 60960 49636 12500 2490 19403 18191 65718 64045 4048 95893 69448 3788 43542 96875 79726 15362 19864 45369 1041 98502 5464 38650 52135 9785 22420 8620 36837 19748 37305 4482 72716 59845 34456 86102 50232 53610 12590 41210 98320 75695 76812 18941 88382 67812 
956 73
76904 3116 24021 5674 98295 74817 62676 50619 47195 87849 25288 84152 88647 28875 64252 32945 77011 16572 12490 96466 49690 78082 9626 80009 3500 49173 11897 36907 94749 9361 64515 48933 47881 63289 93085 58693 95217 5739 36846 550 69697 72058 97145 64077 496 3521 21137 74395 35066 25668 23369 68163 70164 25886 13329 46783 58719 11337 48577 17487 62225 40718 9427 98777 63207 26198 79010 46869 10421 85263 47751 1196 47346 
90 67
59431 32108 88996 9444 88769 6358 21595 49386 55955 31716 98156 16127 20508 60757 78188 81295 19821 79021 93832 45984 1247 2393 6614 17583 88301 1605 48038 4517 77369 67288 68857 9467 90171 48071 42979 92337 24705 8601 3434 94230 44013 91417 26019 282 59278 24847 21673 66654 49879 70157 55938 91012 53333 60485 38954 12449 31899 1375 38861 37927 89568 73531 85727 36892 1169 93482 90141 
77 61
65553 73758 72800 30094 92322 65368 15085 85719 44768 130 13317 46747 63684 60095 19105 77585 65366 76223 51265 54691 46115 6219 38277 27410 84551 47192 18713 68550 44116 13977 33978 39722 22688 71433 47594 95515 83211 41443 28978 54044 55766 79747 33250 37074 38174 73009 35262 88438 23233 54809 72935 96993 44735 92883 75130 24948 26904 93293 1400 47846 69209 
339 57
56685 72093 33939 85842 11226 16460 10571 16906 87887 13418 12308 69900 97963 22452 64657 17051 70459 36312 20228 97734 11172 93518 6498 83739 6556 80315 73030 31600 25005 88817 17908 65410 76712 47538 94891 31498 79982 20701 33258 95677 33764 63342 82733 26611 42706 97530 11434 18614 60030 97717 40878 65090 45621 69123 59266 40242 41202 
627 50
28779 94656 11962 46707 21027 46228 53641 75951 26726 61114 15581 96165 28149 15045 8796 36339 3167 16844 44512 20803 65637 89547 94183 72043 98568 57122 22302 26035 89870 93785 23731 92540 42674 57714 46114 85747 50928 80176 90824 78320 8290 52147 89274 566 64409 7991 36087 49393 30416 44076 
858 44
92074 88670 50524 19269 60758 59567 62710 85433 59043 56764 70289 18210 49579 8343 31033 91848 25792 87867 88461 71906 24376 41111 46894 42338 48488 68461 78742 45839 67827 36694 3778 15618 4557 71509 32896 51444 95370 99575 47373 82705 33069 32737 60730 2931 
577 42
22310 43968 39891 20682 24625 73444 72748 77856 52760 86603 63435 41487 4803 74405 92441 73299 89058 99854 68172 41470 65436 30435 55822 51369 4492 34552 18249 32647 97201 40321 88422 5844 7440 23637 13791 16326 54568 52926 34545 45505 33177 60361 
57 35
49998 6419 81122 49970 81682 93243 73766 59610 10158 98077 79575 16246 30944 27417 31615 24451 75415 61389 41021 34346 56913 96246 76655 74318 43892 14726 46994 11445 79615 98914 66789 41621 80187 17358 67552 
400 32
71265 27077 37503 57976 29838 93318 45851 53727 59638 14212 30294 75741 17224 72111 46879 22455 79531 25651 34160 70945 33849 65706 89843 58133 76644 3796 63087 25431 88748 92053 55654 17065 
99 26
48688 99864 96092 80328 86168 61757 43262 9003 38493 11039 32252 60788 68420 24138 26703 15734 65616 85057 60332 98784 63256 99244 90281 5655 85833 22816 
745 17
70524 77945 70812 79188 36737 44812 41327 19335 35388 90292 75368 24411 68593 73251 46097 90601 78261 
721 10
12329 95024 1554 50525 94688 96370 16609 27837 10566 75176 