100
6033 14
61493 54186 72495 34466 70864 77516 33013 98867 37727 6594 44060 64536 85725 66727 
4570 17
91782 11891 58232 71029 53642 88480 28449 11810 18297 59802 14057 16651 63795 55839 53756 26278 21977 
7020 17
50381 18862 88410 99471 44705 41123 93291 49541 4781 8855 36960 49787 46044 46282 47260 20853 99369 
2 18
99122 81548 95109 7100 35387 2833 88815 16023 29805 59105 70856 96619 70281 86566 85500 11192 9041 81874 
861 18
24596 58188 77320 87155 68776 8887 1884 88458 30771 30714 23409 50850 66169 12061 41257 80790 71082 17567 
8130 12
27833 22591 84570 34477 1635 9518 36435 85938 25187 57087 83051 57100 
9436 18
9161 72877 13433 11410 83452 19172 89190 96533 38650 10436 77664 16117 46967 59163 21388 2878 67395 32535 
1237 16
95397 32230 47455 68167 78183 68615 49956 3845 72602 52381 64221 74375 50412 71061 35104 48645 
2103 17
52305 32613 52840 37862 29044 14424 98670 61578 10579 6743 11028 82672 19124 94707 25083 82318 52599 
1796 10
1510 45384 44846 41119 63547 1442 17528 24706 28708 1215 
7436 11
82794 52041 15286 78204 25505 87458 60441 56562 72142 74957 97220 
6373 20
13788 92674 83213 7598 45193 54118 8427 69201 31210 52049 95569 78442 9687 6790 69678 13313 80426 94986 52205 47406 
2929 17
27465 46862 54481 21993 58328 91547 30469 44911 43243 70385 87204 35499 27023 81535 38518 136 38703 
2338 16
27208 44022 60888 75286 67777 96287 62534 40544 12789 87519 30916 99450 1687 40728 45100 81215 
5929 18
877 96460 1451 57092 85490 89401 94809 56154 52099 15347 88931 72799 334 96048 2572 13998 67145 43646 
150 15
47914 4579 81884 7834 96729 93103 16788 48953 96450 17962 57972 78811 16000 33273 63625 
369 20
9741 3212 42756 79272 68137 30841 6355 15393 78547 77410 26625 51246 32053 92968 9739 35058 13634 74289 72504 5709 
4733 13
70198 96083 96822 88175 1952 47422 35775 9902 53495 77531 25003 47574 86421 
7595 15
96763 48786 481 85333 56353 54100 49988 24543 79599 25145 74058 95799 44899 82648 10927 
6144 19
35911 92326 5538 33017 34730 93351 2429 87952 42379 58025 75647 53192 76837 85534 6392 61402 98640 73835 72922 
7642 12
50439 57859 83250 82987 54561 59009 65564 53623 79888 51285 34994 45911 
1218 13
59153 46997 26083 56163 62268 7074 91149 79775 56959 70810 45051 78377 27977 
8027 20
33227 61414 57201 11158 50058 76818 11234 98265 33448 31652 42698 33808 27758 74019 66273 28653 38730 11970 47578 16217 
6362 15
45872 40445 63903 70466 79036 25797 61716 37087 30994 55192 7018 76049 91293 8233 47254 
4678 15
42707 26810 1812 48063 5858 12483 14409 51708 29704 26119 97242 49332 10016 82577 25109 
3736 19
93054 43138 59249 5459 97822 61218 65376 56531 6281 70435 19745 72466 33953 14771 28944 72670 74801 58935 51572 
8208 14
4970 60293 53248 89192 87423 72214 18566 98909 47527 64399 42598 95535 5565 4513 
2180 14
50446 93475 54913 8261 28685 11111 71412 27253 61022 79930 57319 44314 26314 61571 
7271 12
63735 85166 47977 62716 28523 24249 40932 79423 1805 11494 86785 13336 
1231 10
62763 69045 50913 84602 95083 90934 67879 93993 24078 46637 
2428 13
11203 69485 35473 60852 24483 12633 83692 82951 2597 77390 83928 92154 14370 
2550 19
66314 35072 37967 71671 9757 77291 98984 25849 70802 22333 43330 4811 80558 60872 58905 74903 25915 77956 58338 
8693 17
60780 69895 97527 68741 86501 38325 49482 67336 61202 64123 21149 35608 20390 21768 74548 74924 36047 
1647 19
23553 3804 91660 3145 17575 10464 15391 81694 39758 83803 18061 32278 428 54832 77604 76413 2969 87101 76629 
431 15
60018 29750 65073 7761 1489 66314 12489 66348 48125 33568 74607 37768 28839 84922 9445 
4468 12
96125 71345 19193 41769 37518 44264 80400 54809 90523 25693 9832 96334 
5478 19
14111 43878 94881 48890 86859 24697 51544 1704 81888 74149 30835 68316 83138 92606 30860 54915 11330 46017 56354 
1754 19
45049 33239 17 60978 21428 97116 29405 77474 91391 42053 54286 72643 11032 92246 7377 9552 66854 25436 62933 
1352 10
72680 1598 10891 66945 56787 33381 74571 10730 53141 88807 
691 12
63462 98393 47229 91267 14374 74961 65180 4615 92213 40928 43922 62580 
1142 11
71466 69884 54623 28631 63048 28894 97972 88186 28156 35688 56941 
6800 11
12400 83089 1443 63815 88125 34778 41628 20516 82153 62814 83103 
8321 13
41800 28246 5112 80921 28942 94225 75848 87998 69635 87129 93347 20033 64684 
4976 17
87711 79906 61870 13666 3294 83784 3997 79198 32179 9236 76445 83021 36526 2945 37490 92092 73118 
8942 17
63264 36956 6086 20281 31674 36088 41364 31224 64529 66478 38874 11994 56294 36410 99125 4473 24013 
3015 20
4840 34244 59103 45093 10788 32227 45619 12014 57506 60802 61320 56574 18432 84758 34807 44696 50932 62459 94206 55366 
9825 16
91004 2204 88978 56591 74272 51662 84101 72658 10778 53762 80134 22302 41850 28843 78362 69417 
9529 18
26038 64519 17725 43179 24554 8266 66766 29496 41969 20656 25139 12130 24122 49310 99083 45677 2996 76740 
4389 19
39261 33244 18111 30200 11318 45003 31091 22534 86341 60294 74590 99414 59575 89475 79346 74165 79175 68435 54168 
7633 14
23714 86135 58281 63037 4235 92913 8546 3852 30762 93275 55372 68482 22303 14810 
84 14
37438 37440 90543 18348 71298 90880 18411 82737 41018 90842 58794 33692 45810 82077 
6578 10
15324 23222 76143 79026 18760 18702 21252 5637 836 96914 
3086 16
67706 75802 96189 6916 40390 46118 55911 80123 45731 2562 1206 4889 99752 69652 92597 71539 
4765 17
54555 6229 41937 36278 24362 85113 10403 25756 24363 40877 68898 46300 66924 71951 23708 60786 15853 
8158 18
84767 79729 16474 375 84919 43882 33416 10098 69555 29364 88157 39962 63915 31708 33938 30349 46620 91055 
5514 11
92950 83995 9165 2548 64176 91981 72346 98431 12511 55264 66841 
3372 20
17995 13142 70519 58104 47874 90137 83538 36936 93244 18459 51873 62192 81346 77035 1627 4969 59234 34889 81381 50955 
2361 15
99387 27194 9016 49105 78265 53951 7034 85699 43639 24056 50445 9570 11613 64157 78341 
4256 20
28656 59251 29091 69984 68175 67670 71393 14682 77955 51468 50621 18564 805 90718 27314 73946 64685 50931 96044 59528 
4918 12
8663 35309 2929 59583 12180 4423 481 41714 6969 73464 74519 3139 
2419 10
98688 24024 90113 35240 74102 58347 6987 43120 1496 24649 
330 18
24391 5331 72030 89467 6304 4819 239 98597 47329 84079 36960 66343 19359 96557 61998 90911 56004 69497 
7162 19
47743 85050 20568 40369 14996 2189 566 98655 86002 81540 23471 54450 75023 76968 12104 32720 62040 12286 1335 
1539 14
88340 79506 73615 40839 16223 17310 94002 75734 33779 84840 87469 36832 42991 46661 
5959 20
46878 73741 46385 55488 87472 77538 80143 43306 7456 35526 72923 82786 63552 38771 96085 32423 77394 35242 30054 99849 
2117 15
7423 69324 75573 13801 20426 74623 64947 26228 16768 77110 66685 66630 23288 99343 51812 
2092 12
57172 57253 37727 58411 93702 36046 10972 75237 21308 24670 62323 15757 
2749 15
34872 48495 43145 71375 92151 74759 89367 71699 55232 62406 74425 53364 20081 32398 99205 
9644 12
16013 92553 90527 22785 12269 5130 13655 73503 45307 50605 44636 91663 
6919 13
56802 71543 19046 21141 30857 910 66453 79403 35820 75196 60227 82611 91098 
6624 13
61135 82094 64750 45683 86738 71019 78491 38905 65680 10286 16173 80062 75489 
9211 19
51184 22757 4542 49402 1390 85039 99321 59839 78749 78020 98128 95659 41582 51143 84030 53659 85682 5768 2447 
4578 11
24807 41935 81001 502 88427 4233 4369 33938 90374 2014 27469 
9109 19
10455 18611 50051 72750 9122 15604 17036 73314 61200 31552 70187 31577 21831 34645 17673 72686 68699 59799 59149 
7672 19
35623 39697 6065 51022 29371 81608 8251 49741 10052 97068 72914 17705 13230 2865 89362 54710 20609 83452 84902 
9113 15
88913 44756 24786 36090 37715 61334 63293 88007 24788 56497 90477 54450 59168 97048 38334 
493 10
66739 36976 71703 97666 96132 70102 51944 84813 20574 55376 
7185 18
41981 70053 41746 14789 76000 42054 85687 52010 30256 23578 3176 51189 98635 90219 83263 90274 28903 15697 
5424 14
81383 94041 43517 58046 18223 49064 86577 86821 23161 73218 29789 64329 42200 19173 
5456 18
25761 37659 22032 87086 57034 23064 2724 36677 65290 6079 52154 26549 71499 59519 2203 82694 8211 83731 
2458 18
13855 29017 47298 53647 64735 44793 23528 88267 27462 16162 24514 48316 21568 24281 42765 93986 28094 78002 
7151 10
86023 10556 31687 21172 17264 75861 38851 56613 41231 61179 
3710 14
93860 57110 86684 71603 64668 54751 97561 77997 40526 71177 39019 38676 55705 57493 
1712 12
44322 19532 24670 21347 29905 48521 10481 12687 91121 69012 89319 26476 
1392 11
55229 11874 4866 15227 20162 2584 86576 55121 26918 49105 41831 
3421 16
13221 37190 17112 61476 59628 61276 38373 53308 68698 49156 35454 4854 16563 87438 31226 87239 
7599 19
85363 55396 13673 87924 94218 80113 15969 25754 6450 14510 65680 84313 82086 65522 79840 15490 55343 15740 44570 
956 10
70651 19182 79303 73488 45817 95823 2060 816 11703 15948 
1267 20
34469 592 39525 17825 82685 66432 91226 67886 18473 2829 90776 13994 96082 40834 30878 9506 9453 62486 5885 53688 
6993 10
81627 26720 16950 93421 53 52974 69164 48603 33515 2980 
2781 13
17847 38877 21480 52370 65698 96913 74195 62938 67355 10034 23122 82810 24572 
7216 16
77505 97517 6127 42601 23149 93361 9720 38217 33659 36672 24136 33877 34423 27195 42116 8975 
6767 16
38202 44190 26393 96093 48198 60472 82419 8860 42432 40514 46386 52410 85726 1299 27318 6143 
2008 18
90911 23002 33010 30402 49431 38619 23091 33741 19367 36114 40079 70573 48887 10136 59087 14715 2047 71858 
3100 12
21658 39681 87994 94500 37987 89109 24447 10106 34613 25071 13218 5805 
8483 19
20365 49378 30428 90267 76251 83333 81361 26049 65811 93036 11983 41421 84643 87806 60238 78664 61336 25305 81033 
6350 20
95079 13595 85008 29478 28244 74719 48297 95651 93115 91017 81013 77825 90683 29897 91967 22137 51631 12098 88930 80162 
766 15
43871 55432 33014 53126 73864 87213 94320 49908 5864 8598 90430 1981 51401 27478 18280 
5773 14
1732 6235 42583 9964 69953 69521 3897 19845 60981 37631 35745 71780 28480 69106 
6909 20
19728 28922 40152 70882 80654 83015 18885 7349 8410 64162 11444 20501 80564 50266 46549 17575 42191 54474 9893 86247 