34
131 194
15059 18805 31975 6676 94040 84195 24081 18092 57330 97670 30005 17590 93606 95240 36135 88084 80734 2714 23847 96455 95863 98519 61069 11070 56988 54318 47423 66989 67513 10415 97891 14777 73728 44121 53597 6880 43037 64891 16832 43662 4422 73565 38442 68064 73200 89319 37031 64929 71742 67883 52231 27765 82309 5468 96470 70694 34051 45711 71637 14133 91823 40251 36789 73540 10225 74752 92423 18006 41902 2599 29909 53850 17707 24691 74839 48366 84434 23171 91023 90827 12285 29321 46018 21283 21032 18870 32510 44586 6761 12185 6004 97248 45678 97313 45806 19107 98263 46933 69046 40236 98725 99409 87168 57629 88912 65475 87800 84351 59778 60587 75066 51124 69786 17923 10914 74872 81866 37212 34536 72447 15048 90726 98923 1144 77399 77928 28041 736 61834 12909 48484 82440 27753 46041 59115 52930 69342 93431 86422 34416 19177 98171 86747 68770 17199 17050 69771 36550 87769 264 5211 43701 75573 42579 72376 860 69396 2257 31271 64912 95134 83765 42355 29939 11368 4451 1876 81393 97785 89795 56971 83754 45261 64758 2736 23109 1542 83534 70920 76206 12044 62481 13788 40053 65818 72426 7742 28531 32274 63775 4352 67359 35126 21659 
8 186
85895 26497 6623 74953 29490 67613 53787 42840 92496 89652 14730 80775 15733 39110 39985 49982 95252 74641 68750 80252 64379 13426 22376 38734 64116 11758 17075 19376 94766 2610 61122 42405 51734 97628 58019 49411 91321 55655 49500 16499 62277 41706 35389 52117 78792 41030 55293 62646 54096 70032 89564 3375 709 92113 46463 65763 93622 99398 9994 48501 1653 85061 14200 29371 53897 468 70398 85631 82245 66530 27758 45907 22909 41366 43127 22369 7121 76938 12377 88061 9026 32051 4709 65154 88918 66053 80723 38141 10381 38763 44366 15084 80872 51361 61916 65513 99072 15805 62642 43369 26738 68838 97881 90927 30258 62654 59390 37185 1565 98177 9586 14169 78009 60204 64486 40469 91421 19839 12540 61366 44877 33381 38958 32020 78397 59061 55256 77368 63636 73147 36247 87773 84476 52674 69739 95795 50248 29580 80050 28883 58664 55297 29176 40219 86316 48218 86307 77203 74300 94549 2827 35356 89201 3693 17881 74229 84782 11621 66794 84981 64478 5789 99379 94850 23393 84940 30093 46220 53790 55920 30220 9506 92705 22461 42769 44824 56583 42919 80118 40123 8455 67394 22958 45642 79125 61152 
953 176
6199 99025 33677 2138 62663 42442 64044 30610 42198 46433 80135 46307 52901 95673 62539 57154 56249 65456 11552 86927 78755 32717 29360 63103 97806 51450 26664 66921 97661 72784 88920 54381 88554 20544 28466 86332 72682 22368 66755 45776 27895 62238 70215 70303 33123 55887 93799 47822 67832 47696 25827 9426 92530 30810 25714 31955 45202 70696 13803 54160 9598 6014 90836 39262 2046 30048 38188 88124 73466 88021 64010 77820 46308 28481 72890 21172 32961 87117 71839 64468 98634 73288 67809 3950 99485 85748 99245 47649 43142 99022 56363 57475 93734 17606 93795 45810 74231 48258 13459 37401 37066 29626 46246 27207 36669 23114 90782 39982 50806 26140 80656 98547 38677 98581 97863 34615 57695 25917 35443 27517 4414 79391 93978 65394 53905 3843 24742 44732 11265 19809 36118 69238 13633 17045 26406 24851 59901 21050 35503 23427 8989 8388 15983 2984 9174 47763 79813 34203 54494 48816 84682 79331 68930 16222 17854 96039 59445 62013 77477 8087 10609 85413 83780 6816 59550 40233 9431 56997 75234 57701 58783 19124 32539 7829 52847 58342 
205 173
55019 81413 62892 41019 86394 42295 43373 76748 69519 80750 32380 98419 92943 8637 86579 85709 36437 80071 80457 28910 683 96076 4818 40424 44576 55973 69367 66857 48749 89006 89890 22456 50834 14694 78695 97475 632 92298 85505 67910 33162 74343 35277 38455 73097 72661 92253 25378 38102 24022 96822 26152 12275 63896 52211 23541 19421 79236 36381 9322 60495 79944 23999 40859 42911 62972 48730 94843 96421 1922 30235 13017 61452 94 52668 71913 5858 5648 65707 23135 40407 95200 55159 16481 93460 31525 90578 32443 72299 24472 3071 68543 65343 87092 60157 71868 40855 25296 5233 18278 23629 13475 89845 40240 36093 47294 64565 49397 82272 90470 78506 58163 26122 27336 94763 48601 38422 56553 12586 70095 66432 89449 59122 16846 29337 71642 26545 74017 36116 55903 96470 55217 44108 76085 21277 16433 51052 6288 9749 93911 15227 85204 3334 18832 6710 6807 5616 37493 87738 70143 38649 88713 68061 46716 759 1660 11400 59611 48454 84332 8556 70325 48753 48677 82333 44128 96566 68823 8977 74705 79422 99207 30345 
555 171
97730 27073 24590 77396 71346 95866 97951 2967 75904 70363 28595 22010 71806 27740 97649 23796 25382 15542 9842 58488 1559 94907 33307 64702 14766 10431 1424 67815 73280 33018 9742 63674 38477 22518 80134 10716 55810 28567 43868 6149 61159 38686 74507 52168 69428 85662 43028 78094 12311 94142 88902 96085 53095 579 57757 81441 53517 78697 82001 69219 76265 48796 75284 31547 74806 24166 85706 48131 34074 76504 83244 11723 52563 96579 41859 78191 10601 83039 2517 45542 73996 80751 70480 74957 7478 12667 85728 67303 92327 90214 28016 43458 61212 26092 63371 20707 93986 80930 8205 11069 26349 92161 68349 45232 31711 95836 95137 1662 23329 67115 51622 69461 9955 59114 77010 42305 20042 90071 86759 21513 10841 64496 70852 61901 14573 64839 27485 68738 30604 78357 19132 55935 2009 83417 53642 55925 10943 13353 86143 55675 55623 64608 93215 59739 70095 42802 83689 78450 71208 19899 49808 21098 61359 54333 12950 38167 81163 46696 79890 71209 2979 5561 59450 15972 49065 77694 63416 76303 68087 83053 44065 
209 170
90215 6919 88322 61183 28271 83533 1515 11105 27548 29336 65861 62766 34392 10652 37888 73171 50907 89401 27750 97440 17902 53822 39268 46430 18726 6468 76048 45572 537 60765 35961 57549 35341 88707 15250 58427 62736 97973 21581 69114 57464 86628 52407 6062 90316 78706 72439 24391 82748 15462 54047 33792 86039 39898 1982 28334 80907 26356 87567 1704 26823 59974 76136 60784 17958 24023 37406 26039 66917 27859 46989 16005 96383 4960 62621 34092 46455 12860 29719 2033 7044 72707 41388 94654 99646 18304 68385 95098 11632 54664 14841 85490 23520 67016 93257 55420 90064 94450 15403 16582 23085 33399 34750 79225 88360 3793 2522 66497 66955 98694 49910 35186 90828 66901 41190 73124 35974 35540 23596 72589 97036 19781 82309 45016 23447 49289 85534 34567 3535 50458 84348 31004 13171 80862 25801 23623 22369 13725 6881 24590 87358 55017 49911 88365 20592 57764 9635 17809 73063 26445 2984 56903 99000 76353 37415 64592 35669 25406 16805 38688 21804 10127 40398 62980 95476 3850 47771 10035 21973 6950 
373 167
39827 65802 55153 47163 8612 45273 19592 40893 23203 65910 35973 50953 26954 69492 96340 97911 98188 58607 13426 29610 37161 36186 87534 1724 81023 29269 62141 2881 85074 90679 21416 45686 48436 74160 39013 24318 70014 46981 70306 29777 22130 42793 94248 8637 45999 13979 95626 22162 43732 14100 31155 34565 78137 37320 93324 52182 52490 80773 85075 62592 78845 10517 72295 59817 28095 2785 61203 6285 80228 27395 44959 86432 3160 23507 49100 63808 17471 37888 54451 10054 50624 60854 87612 95528 87066 89592 89192 29015 65548 16142 34185 65130 11153 63529 92828 71722 78771 14486 14980 6398 6381 91407 79892 92373 70789 80668 17777 37921 581 59869 36895 94661 13535 54949 25829 65183 19378 21904 89217 89286 23127 12286 99236 80734 14878 92869 53446 39266 71577 93306 81328 88959 28784 26369 82333 83605 62467 68846 39121 54865 51058 28178 77651 13380 20744 30166 35519 82964 92819 51129 17701 64776 65396 16864 53387 27415 79720 83843 74595 94196 92399 11822 36955 1334 39364 34938 97603 
264 161
81930 27394 81643 91740 35054 75739 57006 74040 66952 12312 49944 5906 96414 15188 26620 86761 29631 59190 91075 90599 2219 28741 59046 60957 19540 36247 70506 14750 6886 20551 60715 55970 57899 17927 23721 56385 38258 3400 9331 2404 40335 33562 34020 94569 33886 24246 53657 16270 71690 92830 64410 55024 3551 74100 84630 75431 19883 19371 47522 90243 10172 69113 84137 70460 13562 21546 37039 34827 63539 16903 96624 30769 40474 11565 64469 69864 79647 33108 75515 57856 61190 73480 78120 16061 72690 40910 66282 80708 40505 17665 66121 32614 70346 17400 81805 14236 38550 7888 941 85392 8507 95829 25540 11462 38123 11774 75240 10153 45282 98870 67822 52918 67410 44384 5526 50280 49848 61418 44535 96931 2548 64820 96331 11174 23053 77365 44754 92721 38634 10486 77738 11490 10156 14119 21411 86979 67597 5504 52239 92888 28575 88054 99163 82680 47880 42687 85812 23915 50758 13073 46740 66357 67724 1823 77131 77345 14702 94128 37615 39973 45546 
253 152
18063 29949 22847 33572 59217 1720 39960 8846 27376 12918 93320 71970 49073 18720 2837 44892 43455 37470 97305 69828 4455 20186 36811 13205 59921 84742 50403 5031 71198 14199 72772 62083 74359 81467 49457 71295 57708 12589 13782 45939 62360 93759 39411 5829 32988 48378 7485 94360 83986 93247 75464 16509 49012 92732 4568 35103 49362 12384 95974 36032 92931 46822 77217 62342 67431 28181 52170 74582 78393 4165 23423 51097 91042 95850 17068 7785 8365 13287 38934 78227 55993 17499 50643 95045 90983 18411 51752 83443 8629 16659 30698 55911 26076 23654 71201 66178 35254 52864 24129 18519 6516 95895 41851 82142 51985 89852 27920 27270 99259 63243 81623 55714 18494 23382 71393 7198 12537 90482 10270 18276 43719 20452 30239 17761 55010 62981 28513 84765 21638 39331 25911 48177 73273 31800 35675 43097 74956 65599 7267 54212 73078 44809 2379 3517 51977 71825 62578 21745 86148 62089 11667 37663 
583 149
91640 41556 17221 39826 94109 16958 27548 50930 38918 90929 38559 77732 29890 26841 51994 77486 10632 81 50174 91020 61047 63526 11435 92832 96199 15789 50637 67111 4075 25305 18323 1150 89996 46977 17331 5108 65985 71885 26971 23574 42603 19484 93510 31939 4637 34098 44954 32345 57022 55482 10533 7859 29420 66558 19366 27453 49104 17976 26821 16149 32816 4990 83073 86218 37624 69876 8644 85248 59888 9859 41399 3791 51350 85314 81966 54590 88027 89675 30329 54128 90461 19093 75663 60518 62358 32024 27340 59857 49611 19374 42274 18643 38927 87451 39163 87340 18974 42137 63935 35233 56401 56478 7265 91175 30012 60486 17150 58658 68817 92527 60552 96898 8845 1069 90834 11431 64375 46137 79927 5491 26929 79258 60602 95436 24345 69681 78211 74417 86933 70042 87069 84714 21248 6434 67734 8747 29921 30814 99524 24840 69754 66802 6567 21501 47603 38477 20941 45406 52136 
594 148
47866 90428 56135 97028 1044 21472 1392 77697 44786 73334 32811 56339 33281 40680 1191 77113 33828 86897 38916 57765 56314 27240 12256 23588 34525 93124 34439 25523 35438 61816 13423 59063 67346 61091 99305 80044 30973 7753 91735 39511 12184 35286 36465 68344 57416 10150 54035 4136 79587 45201 8079 55689 90087 717 60171 28204 41084 3133 3501 95617 90378 92386 40161 77811 66306 60819 87861 77504 84603 61048 64225 83403 18529 28983 63 13204 75031 95794 82693 36085 2213 46189 31490 92244 53532 24749 56524 89710 32342 16882 94348 1892 25665 63602 22653 45820 61686 24262 65689 42750 49036 43923 28216 22445 32297 64434 45323 51339 63168 99174 68994 37919 74070 37698 96958 94069 24441 34970 59916 59595 74330 88580 52293 67110 1932 68844 40445 3959 80897 44439 78925 84922 90023 78837 58605 39343 5887 21493 41678 72299 7527 50840 87411 91619 65441 76096 28083 31822 
467 142
26404 23457 55887 48850 61962 57448 23478 90145 52045 77771 75913 91461 73413 85058 8123 30225 22544 38431 93399 82958 71884 31920 7159 10848 97042 58377 39235 27887 32684 26128 62301 64327 53986 5486 69960 99773 69522 18741 75800 96846 75702 14839 66223 7861 68803 69117 72571 55881 76598 11790 68706 43346 22975 93898 22148 29954 41385 53383 34635 79144 45713 12692 71951 1068 15560 85900 90583 46327 54909 33891 49583 26177 18059 77570 46039 8742 3478 59698 35886 26980 10859 26781 77740 79799 56654 78540 44728 46400 99392 32436 49163 90699 95830 78573 56311 52583 38784 55562 9093 98898 13553 5660 22254 95264 25684 25653 71280 48010 55377 1492 42610 33758 53174 58037 80339 83234 30262 95889 18170 95629 72 66597 11082 56461 62239 48875 43885 33253 11221 79694 40281 52595 88542 69549 55345 71144 11907 93549 3109 89614 86077 85514 
955 136
14346 27889 53644 16770 38549 62213 4974 61533 58138 11372 48358 32600 15406 85466 92985 32559 95246 26820 51209 94585 39589 78235 98494 6769 10110 45189 67815 98705 36220 90023 97522 4694 89196 33805 28501 95673 20307 93384 95134 79931 65724 23481 26101 58850 64914 59344 20387 42066 9107 89742 8710 23815 41393 8709 17525 20352 79189 70195 74321 13600 58757 87984 8427 36688 73533 47221 59744 79682 61383 6326 66003 23461 4632 41747 91499 46668 22050 12271 17719 58524 52160 42777 72698 26404 70962 32214 95280 68094 45778 62486 76528 34577 43733 46084 50808 28924 748 63595 71354 18284 62018 17136 94665 29799 40134 98067 14309 16871 74236 56058 50042 13307 1471 13753 50415 49770 41396 81921 54329 66934 74194 23467 16992 19440 87400 71080 51973 5953 25426 93778 42253 27467 85550 97154 74511 21654 
3 130
29482 27966 12927 57777 28522 54497 63843 1250 52245 29278 15514 84059 59735 42755 56440 62917 32337 39245 48764 17578 57479 62796 44971 14792 20623 6828 39075 37364 87731 71152 12032 10361 17271 27929 70219 90472 17825 70134 60495 35847 37365 67221 98022 85717 43065 26257 90117 42762 6839 25031 23310 56061 99447 53309 15784 32960 13785 97979 93853 27763 64947 64978 59966 20397 62094 6541 90820 86353 42606 79039 9366 97171 69520 46154 64337 89820 77129 12232 58003 21140 16739 34165 37573 45834 20859 25972 12255 88037 66839 31746 78909 39257 83803 96556 56357 94129 95421 9783 41646 27020 63776 14703 62891 99106 46298 71812 47458 71404 68784 63505 25132 3657 91891 63540 15927 78365 90944 46022 72316 29354 22926 41651 10759 56508 25909 34539 34777 93092 31766 68503 
210 127
85931 95888 58788 19259 883 506 70366 79289 57020 70270 38825 61268 82410 71881 62500 23051 44486 67 1532 59048 18098 99831 15425 68216 91781 7995 33251 47886 96901 31263 16607 1692 48880 61086 81872 54767 5398 82636 29734 12051 5343 31944 75935 75040 52810 55183 93960 99728 86590 33875 22257 84210 18524 38489 72786 29749 62071 51400 79238 47351 79164 33126 43566 51508 42673 61303 81610 53644 20182 57983 52967 57071 36077 21946 54897 77137 27953 28713 16574 4969 16496 35958 35928 65229 89051 68602 46953 75729 48512 91479 47571 93775 75153 30604 2037 8172 75613 13775 25075 45112 84828 52933 67437 25824 66508 37213 60559 96585 48009 48467 270 21140 18254 93664 42498 25967 95786 10220 55623 65825 91710 98030 2188 50627 49933 52659 31512 
888 121
1047 51194 66469 29042 22163 40721 3861 22411 24783 109 52831 94533 3264 60276 98 29575 93701 66152 8295 64237 46736 61405 75052 78759 58517 30750 10150 75808 44377 38956 62672 80093 74820 32455 89393 7003 9389 88033 84210 45298 31738 15964 12921 81377 6111 49132 23907 9530 70864 46722 1796 9381 46047 49196 78692 13194 83762 71335 97153 13752 37357 41617 10831 19895 93366 80354 34473 71135 49083 94785 87590 58356 5911 48495 10869 26341 42521 3089 86397 16267 39259 91615 31585 97359 49046 67307 56860 98289 77145 49135 34899 50395 83070 27924 50867 19833 20472 79838 41057 4550 43190 6292 56251 366 71172 42397 74012 97700 69746 50409 89637 38695 46675 328 15754 59722 89539 22561 17009 59502 27480 
277 111
17352 32165 18851 10706 99674 4519 36350 366 97689 58422 79730 27229 73397 95369 44684 46050 4594 26242 84588 54931 20565 92567 71050 56751 60092 59823 47557 58755 91163 67923 26668 31404 85012 42345 20906 80794 66211 17918 80219 74574 88976 5057 44117 94214 79019 24655 95649 64800 17550 2288 52775 48863 25063 10521 55194 73755 2433 59744 97902 82593 18283 24698 42794 58547 86798 44532 60555 80249 67927 36521 81843 91623 86561 68681 45469 61163 36271 66940 66315 15371 15989 99286 32654 87584 95438 667 9513 10371 94330 95150 66449 63388 72328 45942 1018 24983 59458 38729 78087 59765 54500 68928 93334 49699 87023 66833 76894 28205 39797 50772 79586 
938 105
95397 45622 76236 84025 96209 4891 7903 4749 53653 12656 21458 46785 23130 38156 17676 74300 6253 30122 89346 35056 93332 63787 62926 63605 48312 73642 24633 16895 29791 6876 44963 73573 39071 67894 78489 26797 38807 75630 35584 59061 36789 42995 73358 22839 64169 77025 79339 74850 59220 37189 48110 70194 82139 51845 9812 93991 26832 49313 50756 45938 97309 90410 84164 71651 60797 37975 21961 92259 89995 40252 53938 13504 30425 66380 894 41227 57252 25137 49622 14593 28098 86682 80859 87808 55010 47873 85301 2876 66757 65890 41904 10986 67577 40328 70540 20043 97937 42165 12302 78253 36420 44846 82438 22837 33071 
499 99
82351 43827 37922 49924 40714 29887 34372 14074 53127 53506 94866 57852 26728 12390 72819 61127 27554 23399 87299 11567 42834 23081 47672 40454 54896 6279 69462 42612 38292 69875 51511 19505 73431 33727 32427 92962 74969 25502 73224 99039 66497 58975 4703 89638 43824 97357 64357 85650 57183 58903 10026 31834 17630 88093 68076 92345 1854 5194 26412 63824 80012 13255 15703 50628 8909 61592 81848 97121 73278 40186 65446 83899 44480 62620 94596 85906 6267 3128 70794 34747 64705 35427 17532 19362 1714 63774 73334 56237 46285 85334 71586 60443 42408 95273 25794 62250 42752 4735 32257 
73 91
19320 77227 94527 88483 62184 80849 7293 16866 51578 66748 66942 51539 97140 97413 50544 78603 89382 74230 83902 90215 33954 9764 31975 73289 11877 93839 70163 90193 5497 19487 31889 72393 6460 90062 39727 44409 40140 46744 96067 33546 12515 42746 69184 6017 22530 50210 1661 14116 15985 76295 19657 32524 61320 22598 97268 17500 57889 1373 43489 25345 19886 47144 23140 23246 1752 64808 86707 76660 27492 44328 27038 36614 10326 94750 99783 23521 38305 73754 55345 99478 34430 35898 27524 52768 69051 21274 2032 92349 21020 47163 45734 
449 83
33805 85579 1316 32886 44722 79127 90359 15865 95644 13504 59370 19223 9287 6199 55796 66937 58237 48690 30338 17494 92926 78756 41007 14795 97955 50561 81808 38797 2879 98575 78435 82596 61803 74644 62641 96188 89287 53796 70112 18574 80785 61280 55541 20810 56704 34728 75709 77112 71940 17073 49086 96943 96266 88565 71818 11739 46983 49854 31448 67053 81293 72222 57522 97051 45396 73016 76997 47506 94979 13511 93230 99765 87934 38442 55916 87430 47038 75207 42142 82335 32983 9689 27685 
314 80
37127 97211 44028 83131 4472 5012 3530 54719 13004 73421 56725 59500 21947 49940 81638 7370 50731 60652 25927 86432 36812 14226 57588 41397 55800 52651 24449 28668 25386 74779 99712 34577 66636 2855 11186 15362 76318 41069 29454 45986 62724 77044 26080 43443 21826 37517 90397 14007 2205 5689 73729 62004 30550 6629 66558 23782 36837 15062 92174 6895 32668 78012 15535 60641 80253 80089 41065 10660 95148 60947 32333 41411 37923 99164 87121 9517 56683 89421 6043 35917 
956 73
82362 40969 78798 32671 48549 77011 2858 10813 18945 16572 78746 30856 92442 92953 63556 16009 12036 4832 51544 63522 454 67770 40017 13177 35052 12370 51609 98222 64055 95073 43536 73893 32679 28295 27969 25557 67838 98777 34132 63270 26157 64524 26571 41381 27850 29765 61526 85263 95401 73354 20951 71312 51025 32701 18024 23462 28436 91315 84224 29388 90093 53375 80058 30170 82309 62859 39176 58486 21099 64238 64241 63207 3322 
90 67
6019 79297 33736 21673 20508 37525 81233 61168 60598 13964 94432 96583 80781 26816 34904 29262 14845 12349 40819 21846 77700 94230 5718 81226 92890 3192 82346 28759 48384 2806 74888 9779 37069 33234 86074 73512 28640 80984 42179 63961 38345 88693 31143 39003 24393 30875 55523 21916 10805 3592 14694 13725 42307 40259 79843 28518 80656 64632 10710 1605 12449 50773 64694 66856 55559 74603 94548 
77 61
96577 18802 7464 65328 56411 76038 82582 83700 46944 17341 6651 130 31868 11541 23948 76012 34736 83431 50531 78092 48477 90899 35920 75281 99749 93776 27655 77106 89253 68561 1569 76186 24611 1760 80352 69607 97727 87268 64470 64535 48676 7444 35045 29393 75423 65127 50028 68439 476 76223 35323 35096 82206 25698 53195 43291 42374 58350 762 66400 99061 
339 57
47777 15589 34963 78644 86210 29605 54049 12179 69436 17759 91787 5444 36127 46260 41404 19159 1685 38188 44847 92668 15344 17357 80736 88776 97662 96715 83408 83156 47676 82758 40743 64162 23191 80355 79982 55623 56742 20327 10179 49324 4235 66269 39921 21665 2546 70562 65989 32768 52486 11434 59563 47538 26782 40679 81746 60577 62411 
627 50
44482 65958 17284 62988 89406 86569 18726 93940 46781 97010 1042 66893 41556 49745 81445 62257 88092 71952 56085 25461 47128 80584 3084 81244 86904 51250 60997 45543 72805 98568 45109 26269 46723 88094 75999 77587 56875 89651 82309 90371 90924 48495 97390 10068 30774 604 69270 84389 8796 98979 
858 44
35655 61252 3450 97007 13848 77840 68427 6786 55215 75492 62549 4186 35551 21909 33698 9739 60758 53336 70289 89496 85706 22442 31965 61907 72163 39528 19881 55275 39263 51283 92099 41358 74909 48590 44112 35616 64085 30204 84755 12840 77145 39357 12464 7419 
577 42
32315 60616 46352 78989 14206 3774 98670 34794 51720 39511 26420 28870 17381 63897 12652 2532 51369 38006 65436 73347 60881 77941 35225 92263 92551 48604 32680 2296 60734 89666 16326 45320 77856 49430 47329 92532 59817 14783 51404 5672 94859 28457 
57 35
99508 58423 1852 66789 32381 17358 42563 1772 94188 29100 21559 57758 80276 26610 40357 77077 88754 27271 2223 16106 12016 25637 48585 38373 38256 62717 11273 21254 2513 81978 33067 16246 49266 6530 49970 
400 32
44168 81281 38947 21078 34013 86662 34160 99677 41121 93139 97599 37668 51459 60504 86227 45139 4304 6855 29107 23653 77469 17940 93126 65706 20634 75054 49281 95206 38472 25865 15900 42301 
99 26
70676 41917 15734 21450 82388 1948 22636 60387 41943 50172 28420 69470 20439 94748 31776 47271 18813 66738 83236 42292 69051 75606 95762 68382 12117 48172 
745 17
1301 28710 72400 8119 19231 3756 50872 7651 34318 49686 13707 94483 82662 82889 1464 59425 25455 
721 10
52514 5386 77963 95607 12838 75666 51779 91624 77529 20620
